19.1785 12.5838 0
-1
cells/cell4.tif
4.46355 2.23824

0.0315119 2.97538
0.0729847 3.11565
0.0762474 2.98257
0.110825 3.26081
0.115543 3.12821
0.151294 3.27825
0.183877 3.43211
0.191269 3.301
0.221816 3.459
0.259117 3.49078
0.285055 3.6552
0.295695 3.52734
0.319721 3.69494
0.353609 3.73903
0.386671 3.78732
0.418866 3.83963
0.450164 3.89581
0.480544 3.9557
0.496618 3.83787
0.526681 3.90321
0.55573 3.97197
0.573973 3.85924
0.602468 3.9333
0.629888 4.01043
0.656255 4.09046
0.681592 4.17322
0.70593 4.25856
0.726753 4.15791
0.750233 4.24775
0.772153 4.15112
0.794675 4.2453
0.816209 4.34154
0.83908 4.25124
0.859572 4.35145
0.879134 4.45339
0.902658 4.36949
0.921134 4.475
0.938753 4.58198
0.962658 4.50443
0.979181 4.61458
1.00357 4.5415
1.01898 4.65461
1.04376 4.58606
1.05804 4.70187
1.08311 4.63787
1.10887 4.57685
1.12154 4.69669
1.14744 4.64029
1.17397 4.58708
1.2011 4.53718
1.21144 4.66186
1.23851 4.61662
1.26609 4.57482
1.29415 4.53657
1.32267 4.50196
1.32975 4.63143
1.35791 4.6014
1.38643 4.57507
1.41525 4.55249
1.44051 4.40138
1.44433 4.53374
1.47068 4.38604
1.50103 4.37472
1.53152 4.36745
1.56208 4.36425
1.59265 4.36512
1.59334 4.23171
1.62484 4.23682
1.65622 4.24612
1.65899 4.11317
1.69121 4.12707
1.69522 3.99462
1.72822 4.01336
1.73361 3.88162
1.76733 3.90547
1.77424 3.77469
1.8086 3.80389
1.81716 3.67433
1.85206 3.70914
1.8624 3.58113
1.87351 3.45352
1.90996 3.49563
1.92313 3.37007
1.95978 3.41842
1.97514 3.29533
1.99168 3.17308
2.0294 3.2299
2.0484 3.1108
2.08574 3.17436
2.10723 3.05892
2.13039 2.945
2.16787 3.01796
2.19367 2.90857
2.22995 2.98839
2.25829 2.88405
2.29301 2.97053
2.32574 3.06038
2.35659 2.9646
2.38947 2.87183
2.42016 2.97068
2.45491 2.88428
2.48322 2.98868
2.51951 2.90895
2.54528 3.0184
2.56923 3.12972
2.6059 3.0595
2.62736 3.17498
2.66471 3.11151
2.70356 3.05256
2.72139 3.17391
2.76043 3.12185
2.77572 3.2461
2.81467 3.20079
2.85467 3.16046
2.86615 3.28867
2.90561 3.25491
2.94584 3.22632
2.95357 3.35732
2.99289 3.33495
3.03268 3.31781
3.07282 3.30597
3.11318 3.29948
3.11428 3.43288
3.15316 3.43183
3.192 3.43596
3.2307 3.44527
3.26913 3.4597
3.30718 3.47919
3.31375 3.34764
3.35274 3.37306
3.39108 3.40354
3.4287 3.43892
3.46549 3.47906
3.5014 3.52381
3.53637 3.57298
3.57034 3.6264
3.58617 3.50547
3.61997 3.5649
3.65263 3.62826
3.67121 3.51247
3.70337 3.58174
3.73428 3.65458
3.76395 3.73076
3.79241 3.8101
3.81969 3.8924
3.84178 3.78939
3.86811 3.87673
3.89326 3.96663
3.91681 3.87021
3.94085 3.96475
3.96376 4.06148
3.9856 4.16024
4.00641 4.26089
4.03073 4.17555
4.05038 4.28
4.06908 4.38603
4.09388 4.3073
4.1114 4.41671
4.13674 4.34264
4.15305 4.45518
4.16855 4.56884
4.19392 4.50124
4.20824 4.61762
4.2339 4.55466
4.26026 4.49478
4.27289 4.61518
4.28731 4.4381
4.29938 4.56
4.31504 4.38475
4.34343 4.33486
4.35422 4.45959
4.38254 4.41458
4.39205 4.54103
4.40106 4.66788
4.4285 4.62875
4.4564 4.59316
4.46355 4.72238
4.49113 4.6913
4.51905 4.66383
4.54727 4.64004
4.57172 4.48781
4.57577 4.61998
4.60128 4.47106
4.63103 4.45823
4.65934 4.31611
4.66093 4.44938
4.68955 4.17768
4.69025 4.3111
4.72149 4.17677
4.72179 4.04332
4.75478 4.04678
4.75622 3.91346
4.79022 3.92157
4.79296 3.78854
4.82796 3.80161
4.86267 3.8193
4.86809 3.68741
4.90363 3.71045
4.91072 3.57952
4.94698 3.60819
4.98263 3.64152
4.99277 3.5131
5.02888 3.55234
5.06415 3.59612
5.0774 3.47114
5.11281 3.52099
5.12812 3.39849
5.16347 3.45455
5.18091 3.33495
5.21597 3.3973
5.23559 3.28105
5.27011 3.34973
5.29193 3.23727
5.31531 3.12647
5.34962 3.20403
5.37525 3.09779
5.40832 3.18165
5.4361 3.08042
5.46574 2.98173
5.4974 3.07456
5.52904 2.98166
5.56268 2.89193
5.5921 2.99351
5.62744 2.91027
5.65441 3.01713
5.69112 2.94063
5.72974 2.86829
5.77029 2.80045
5.79273 2.91746
5.83395 2.85703
5.87687 2.80166
5.8949 2.92472
5.93785 2.87685
5.98216 2.83446
6.02773 2.7978
6.03925 2.92711
6.08396 2.89778
6.12948 2.87434
6.17566 2.85696
6.18045 2.98967
6.22502 2.97894
6.26983 2.97417
