28.4988 16.6214 0
-1
cells/cell1.tif
1.3384 2.28836

0.0182817 3.26234
0.0190614 3.12892
0.061643 3.13431
0.0643823 3.00112
0.108601 3.01265
0.152398 3.03002
0.195613 3.05313
0.204489 2.92234
0.248762 2.95233
0.292062 2.98799
0.305495 2.86045
0.349344 2.90338
0.391837 2.95172
0.432888 3.00521
0.47244 3.06359
0.510455 3.12658
0.532112 3.01085
0.569449 3.0807
0.605083 3.15465
0.639044 3.23243
0.671374 3.31375
0.702124 3.39837
0.728263 3.29761
0.757665 3.3879
0.785518 3.48095
0.813377 3.38792
0.839681 3.48609
0.864527 3.58654
0.888006 3.68908
0.910203 3.79355
0.938586 3.71316
0.959222 3.82163
0.978712 3.93164
1.00741 3.85875
1.02535 3.97221
1.05458 3.90465
1.07096 4.02125
1.10055 3.95902
1.11537 4.07843
1.14518 4.02152
1.15848 4.14343
1.18836 4.09178
1.21898 4.04387
1.23001 4.1694
1.26049 4.12672
1.27007 4.25399
1.30031 4.21639
1.33106 4.18271
1.3384 4.31245
1.36872 4.28369
1.39942 4.25891
1.43046 4.23819
1.46176 4.2216
1.49328 4.20917
1.52345 4.06764
1.52496 4.20094
1.55626 4.06351
1.58911 4.06376
1.58973 3.93033
1.62364 3.93512
1.65743 3.94442
1.69103 3.9582
1.72435 3.97642
1.72966 3.84459
1.76373 3.86795
1.77058 3.73706
1.80532 3.76582
1.83949 3.79905
1.84914 3.67056
1.88374 3.70945
1.91758 3.75268
1.93008 3.62746
1.96407 3.6765
1.97846 3.55361
2.01242 3.6086
2.02921 3.78681
2.04532 3.66762
2.07714 3.73048
2.09505 3.61436
2.12642 3.68297
2.14614 3.57029
2.17686 3.64462
2.20633 3.72225
2.22824 3.61573
2.25681 3.69879
2.28031 3.59652
2.30779 3.68485
2.3328 3.58716
2.35918 3.49183
2.38541 3.5877
2.41317 3.49749
2.44238 3.4101
2.46683 3.51329
2.4972 3.4315
2.52902 3.35304
2.55118 3.46307
2.58388 3.39059
2.61797 3.3219
2.65346 3.25722
2.672 3.37566
2.70788 3.31741
2.74499 3.26358
2.78329 3.21439
2.79731 3.33969
2.83542 3.29704
2.84716 3.42452
2.88486 3.3882
2.92332 3.3568
2.96245 3.33045
3.00214 3.30928
3.00753 3.44148
3.04614 3.4262
3.08504 3.41606
3.12411 3.41112
3.16323 3.4114
3.20228 3.41689
3.24115 3.42758
3.24518 3.29482
3.28528 3.31128
3.32491 3.333
3.36397 3.35989
3.40236 3.39182
3.43997 3.42866
3.45186 3.30134
3.48986 3.3445
3.50401 3.21938
3.54219 3.26908
3.57917 3.32339
3.59683 3.20301
3.63356 3.26389
3.6689 3.329
3.68979 3.21438
3.72446 3.28591
3.75761 3.36121
3.78131 3.2532
3.81342 3.33459
3.84398 3.41924
3.86996 3.3185
3.89918 3.40879
3.92687 3.50183
3.95455 3.40876
3.98071 3.50689
4.00975 3.41917
4.03424 3.52207
4.05732 3.62696
4.08716 3.54724
4.10852 3.65628
4.13919 3.58219
4.15878 3.69502
4.19009 3.62663
4.20787 3.74288
4.23962 3.68023
4.25562 3.79953
4.28762 3.74258
4.30185 3.86457
4.33395 3.81327
4.36688 3.76601
4.37849 3.89183
4.41125 3.85016
4.44468 3.81271
4.45363 3.94157
4.48664 3.90955
4.52015 3.88186
4.5265 4.01293
4.55937 3.99042
4.59258 3.97227
4.62606 3.95854
4.65973 3.94928
4.69352 3.9445
4.69414 4.07793
4.72687 4.07768
4.72736 3.94424
4.76115 3.9485
4.79216 4.09026
4.79484 3.95725
4.82835 3.97047
4.86159 3.98811
4.8945 4.01012
4.92702 4.03642
4.95909 4.06694
4.99064 4.10157
4.99987 3.97342
5.03176 4.0133
5.06299 4.05718
5.07465 3.93212
5.106 3.98137
5.13655 4.03443
5.15059 3.9132
5.18102 3.97166
5.21054 4.03369
5.23914 4.09913
5.25598 3.98433
5.28415 4.05497
5.30246 3.94341
5.32184 3.83324
5.34982 3.91116
5.37069 3.80475
5.39785 3.88782
5.42016 3.78546
5.44634 3.87355
5.47002 3.77552
5.49508 3.86844
5.52002 3.77499
5.5462 3.68402
5.5699 3.7839
5.59719 3.69796
5.62576 3.6149
5.64768 3.72143
5.67715 3.6438
5.70789 3.56947
5.72761 3.68216
5.75899 3.61355
5.79155 3.54864
5.82529 3.48763
5.84164 3.60781
5.8756 3.55283
5.9106 3.50208
5.94657 3.45574
5.98347 3.41398
6.02124 3.37699
6.05978 3.34492
6.09901 3.31791
6.13883 3.29608
6.1791 3.27955
6.21972 3.26838
6.26056 3.26263
