15.7276 30.3909 0
-1
cells/cell2.tif
3.26605 2.37692

0.00730391 4.82347
0.0349568 4.82629
0.0359507 4.69293
0.064332 4.69962
0.0926095 4.71008
0.120739 4.72429
0.12424 4.59184
0.152966 4.61028
0.181441 4.63249
0.18679 4.5013
0.215753 4.52798
0.22225 4.39772
0.251643 4.42905
0.280599 4.46415
0.30908 4.50293
0.318356 4.37599
0.347037 4.41958
0.357607 4.29433
0.386395 4.34284
0.414525 4.39487
0.427103 4.27306
0.455157 4.33004
0.482462 4.39034
0.496954 4.27258
0.524 4.33778
0.539813 4.22277
0.566481 4.29288
0.583611 4.1809
0.609781 4.25589
0.62821 4.14719
0.647624 4.03999
0.673446 4.12187
0.69416 4.01842
0.715958 3.91678
0.741096 4.00563
0.764149 3.90822
0.788368 3.813
0.813811 3.72012
0.840539 3.62977
0.86861 3.54215
0.898081 3.45746
0.929003 3.37592
0.961423 3.29777
0.995379 3.22324
1.01715 3.33599
1.05189 3.2678
1.07145 3.38433
1.10672 3.32249
1.14328 3.26494
1.15961 3.38683
1.18109 3.21191
1.22012 3.16362
1.2603 3.12029
1.30154 3.08214
1.34373 3.04936
1.35318 3.17952
1.38677 3.02211
1.39452 3.1534
1.43051 3.00056
1.47479 2.98483
1.51946 2.97501
1.52166 3.10829
1.56433 2.97115
1.60923 2.97328
1.65397 2.98139
1.69838 2.99543
1.74229 3.01532
1.78554 3.04093
1.81739 3.20138
1.828 3.07214
1.85739 3.23654
1.86952 3.10877
1.91001 3.15062
1.94938 3.19751
1.98755 3.2492
2.0074 3.42592
2.02448 3.30547
2.04212 3.48445
2.07564 3.54703
2.10797 3.61347
2.12749 3.49948
2.15921 3.57179
2.18061 3.46158
2.21152 3.5397
2.23476 3.43364
2.26464 3.51745
2.29311 3.60425
2.31828 3.50523
2.34549 3.59728
2.37133 3.69186
2.39793 3.60022
2.42236 3.69954
2.45015 3.61301
2.47928 3.52942
2.50185 3.63558
2.52313 3.74348
2.55278 3.66772
2.57239 3.77943
2.6027 3.70921
2.62061 3.82436
2.6514 3.75972
2.6676 3.87796
2.6987 3.81889
2.71322 3.93988
2.74446 3.88634
2.75733 4.00974
2.78856 3.96165
2.79985 4.08712
2.83094 4.04436
2.86267 4.00558
2.89498 3.97091
2.90293 4.10045
2.93479 4.07097
2.94131 4.20166
2.97262 4.17716
2.97783 4.30877
3.00853 4.28903
3.01254 4.42134
3.04257 4.40615
3.04548 4.53896
3.07482 4.52811
3.10428 4.52116
3.10535 4.65452
3.10636 4.78788
3.13423 4.78504
3.16211 4.78592
3.18865 4.92381
3.18997 4.79052
3.21569 4.93189
3.24261 4.94356
3.26605 5.09119
3.26939 4.9588
3.29598 4.97757
3.30022 4.84575
3.32729 4.86861
3.35408 4.89501
3.35999 4.76465
3.38716 4.79533
3.39411 4.666
3.4216 4.70112
3.44866 4.73973
3.45741 4.61271
3.46665 4.48605
3.47642 4.3598
3.50504 4.40545
3.51612 4.28099
3.5448 4.33159
3.55724 4.20917
3.58587 4.2648
3.59971 4.1447
3.61437 4.02545
3.62992 3.90711
3.64644 3.78978
3.66401 3.67355
3.69492 3.74192
3.71425 3.62907
3.73481 3.51765
3.7656 3.59396
3.78797 3.48653
3.81174 3.38096
3.84193 3.46542
3.86749 3.36448
3.89462 3.26588
3.92361 3.35855
3.95242 3.26523
3.97976 3.36321
4.01005 3.27546
4.04198 3.19088
4.06713 3.29649
4.10027 3.218
4.12331 3.3281
4.1574 3.25585
4.17827 3.37001
4.21304 3.30407
4.24918 3.24228
4.28667 3.18489
4.32548 3.13214
4.34095 3.25612
4.36556 3.08427
4.3797 3.21009
4.40684 3.0415
4.44922 3.00405
4.4603 3.1331
4.50196 3.1025
4.54438 3.0774
4.58742 3.05792
4.63093 3.04417
4.67475 3.03622
4.71872 3.03413
4.76266 3.03791
4.80641 3.04753
4.84979 3.06295
4.89267 3.08406
4.9258 3.24105
4.93489 3.11076
4.96567 3.27192
5.00474 3.30788
5.0429 3.34878
5.0801 3.39444
5.10156 3.56776
5.11626 3.44466
5.15133 3.49926
5.18529 3.55802
5.20296 3.43976
5.23656 3.50461
5.26889 3.57326
5.28926 3.46067
5.32091 3.53523
5.35122 3.61317
5.37391 3.50694
5.40324 3.59047
5.43121 3.67694
5.45578 3.57759
5.48256 3.66922
5.50855 3.57464
5.53398 3.6712
5.56127 3.58165
5.58993 3.4949
5.61363 3.59855
5.64338 3.51729
5.66536 3.62522
5.69601 3.54958
5.7162 3.66143
5.73519 3.77467
5.76593 3.7069
5.78319 3.82346
5.79942 3.94109
5.81471 4.0597
5.82913 4.17921
5.84274 4.29953
5.85561 4.42061
5.8678 4.54238
5.89499 4.49019
5.92281 4.4414
5.93311 4.56652
5.96083 4.52249
5.96993 4.64925
5.97854 4.77638
6.00541 4.73807
6.0327 4.70322
6.03954 4.83262
6.06651 4.80217
6.07233 4.93259
6.09893 4.90639
6.12579 4.8837
6.15289 4.86457
6.18018 4.84904
6.20763 4.83714
6.23519 4.8289
6.26282 4.82434
