39.3175 5.33178 0
-1
cells/cell5.tif
5.56697 1.2811

0.00162222 3.78624
0.036851 3.78881
0.0719886 3.79607
0.106949 3.80799
0.141649 3.82454
0.17601 3.84565
0.209955 3.87125
0.21739 3.74084
0.251944 3.77187
0.285894 3.80733
0.308643 3.97402
0.31918 3.8471
0.35175 3.89103
0.38356 3.93901
0.396649 3.81558
0.428467 3.86909
0.459387 3.92641
0.474929 3.80726
0.505599 3.87011
0.522817 3.75391
0.553071 3.82229
0.571971 3.7094
0.601634 3.7833
0.622193 3.67406
0.651088 3.7534
0.673259 3.64815
0.701212 3.73282
0.724918 3.63188
0.749966 3.53309
0.776904 3.62537
0.8034 3.53145
0.828934 3.62867
0.856729 3.53988
0.885931 3.45395
0.909657 3.55831
0.939946 3.47797
0.971638 3.40096
1.00476 3.32753
1.02556 3.44091
1.05939 3.37363
1.09455 3.31037
1.13104 3.25135
1.16882 3.19682
1.20785 3.14701
1.24808 3.10214
1.28942 3.06243
1.33177 3.02809
1.37501 2.9993
1.3833 3.13031
1.42549 3.1082
1.43146 3.2403
1.47245 3.22447
1.51379 3.21412
1.55531 3.20928
1.55593 3.34271
1.594 3.61021
1.59489 3.4768
1.59585 3.34339
1.6309 3.61577
1.66765 3.62623
1.70413 3.64156
1.73432 3.79329
1.74026 3.66169
1.76882 3.81729
1.79513 3.97576
1.80285 3.84577
1.8276 4.00756
1.85953 4.04351
1.89086 4.08351
1.92156 4.12745
1.95158 4.17518
1.98089 4.22659
2.00948 4.28155
2.03732 4.33991
2.05154 4.22115
2.07916 4.2845
2.10596 4.35101
2.12202 4.23677
2.14841 4.30816
2.16577 4.19699
2.19164 4.27322
2.21658 4.3522
2.2355 4.24639
2.25976 4.32998
2.27982 4.22782
2.30329 4.31589
2.32581 4.40625
2.34703 4.31004
2.36865 4.40456
2.39081 4.31244
2.41145 4.41095
2.43445 4.32309
2.45404 4.42539
2.4778 4.34192
2.49628 4.44779
2.52069 4.36883
2.54598 4.29256
2.56298 4.40367
2.58877 4.33213
2.60453 4.44626
2.63072 4.37948
2.65769 4.31581
2.68546 4.25536
2.69889 4.37556
2.72681 4.32008
2.75543 4.26805
2.78473 4.2196
2.81468 4.17485
2.84526 4.13393
2.87642 4.09695
2.90811 4.06402
2.94029 4.03523
2.9729 4.01068
2.97831 4.1423
3.01025 4.1227
3.04246 4.10736
3.07264 3.96316
3.07489 4.09631
3.1063 3.95621
3.14004 3.95375
3.17377 3.95579
3.20744 3.96234
3.20974 3.82918
3.24441 3.84058
3.27884 3.85656
3.31294 3.87708
3.31901 3.74565
3.35385 3.77149
3.38817 3.80185
3.39704 3.67258
3.43186 3.70855
3.46598 3.74892
3.47772 3.62269
3.51206 3.66887
3.54551 3.71926
3.57804 3.77371
3.59348 3.6532
3.60997 3.53363
3.64309 3.59585
3.66153 3.47942
3.69418 3.54762
3.72557 3.61944
3.74654 3.50888
3.77715 3.58646
3.79991 3.47997
3.82954 3.56318
3.85403 3.46112
3.88248 3.54979
3.90857 3.4525
3.93616 3.35769
3.96323 3.45418
3.99227 3.36472
4.01767 3.46615
4.04798 3.38228
4.07981 3.30167
4.11319 3.22457
4.13576 3.33562
4.17003 3.26478
4.19041 3.37978
4.22531 3.31526
4.26155 3.25494
4.27877 3.37555
4.31524 3.32169
4.35285 3.27239
4.36667 3.39763
4.40411 3.35476
4.44246 3.31671
4.48163 3.28364
4.49057 3.41369
4.52902 3.38683
4.53594 3.51813
4.57351 3.49717
4.61149 3.48121
4.61521 3.61401
4.65207 3.60351
4.6891 3.59793
4.7262 3.5973
4.76326 3.60161
4.80017 3.61086
4.83244 3.75745
4.83685 3.625
4.86754 3.77576
4.90226 3.79867
4.90912 3.66771
4.94454 3.69611
4.97937 3.72908
5.01355 3.76648
5.04702 3.8082
5.07973 3.85409
5.11164 3.904
5.14271 3.95779
5.17292 4.01529
5.20225 4.07636
5.23069 4.14082
5.25824 4.20853
5.27516 4.09506
5.30224 4.16779
5.32838 4.24346
5.33556 4.4296
5.35359 4.32194
5.3596 4.50879
5.38279 4.59049
5.40127 4.48669
5.4238 4.57268
5.44329 4.47245
5.46507 4.56261
5.48549 4.46615
5.50644 4.56034
5.52774 4.46781
5.54778 4.56588
5.56697 4.6657
5.58896 4.57919
5.61178 4.49498
5.62982 4.60022
5.65327 4.52034
5.67025 4.62884
5.69422 4.55338
5.71899 4.48063
5.74456 4.41071
5.75969 4.52578
5.7856 4.46057
5.79812 4.27994
5.81227 4.39844
5.8261 4.21937
5.85488 4.1622
5.87143 3.98593
5.88443 4.10857
5.90252 3.93443
5.9344 3.88682
5.96703 3.84326
6.00038 3.80388
6.03439 3.76883
6.069 3.73821
6.10413 3.71213
6.13972 3.6907
6.17568 3.674
6.21192 3.66209
6.21442 3.79521
6.24957 3.78838
