65.741 16.7283 0
-1
cells/cell3.tif
2.19167 2.22279

0.0288599 2.98596
0.0734458 2.99279
0.117742 3.00553
0.123199 2.87304
0.169001 2.89248
0.214099 2.91789
0.25833 2.94913
0.270418 2.82031
0.315416 2.85886
0.359131 2.90303
0.376012 2.77849
0.419883 2.83022
0.462101 2.88719
0.502616 2.94911
0.525311 2.83289
0.565105 2.90211
0.602988 2.9757
0.638994 3.05336
0.673171 3.13478
0.700619 3.03159
0.733328 3.11929
0.762895 3.02146
0.793865 3.11517
0.825348 3.02311
0.854341 3.12247
0.881525 3.22431
0.914316 3.14113
0.939396 3.24786
0.973373 3.17092
0.996246 3.28211
1.03113 3.21154
1.05175 3.32673
1.08727 3.26259
1.10562 3.38131
1.14151 3.32359
1.17862 3.2703
1.19365 3.394
1.23073 3.34715
1.24355 3.47324
1.25546 3.59986
1.2911 3.56074
1.30108 3.68918
1.33627 3.65589
1.37206 3.6272
1.37908 3.75812
1.41416 3.73499
1.41954 3.86685
1.45382 3.84901
1.45773 3.98158
1.49115 3.96874
1.52475 3.96035
1.52625 4.09366
1.55885 4.0899
1.55923 4.22333
1.59021 4.35732
1.59082 4.2239
1.6208 4.36195
1.64892 4.50368
1.6513 4.37065
1.67838 4.51606
1.70766 4.53233
1.732 4.68413
1.7367 4.55246
1.75998 4.70739
1.78767 4.7343
1.81503 4.7648
1.84201 4.79881
1.8686 4.83627
1.89476 4.8771
1.9037 4.75078
1.93 4.79605
1.95579 4.84457
1.98106 4.89625
2.00578 4.95099
2.02994 5.00869
2.05354 5.06924
2.06605 4.95143
2.08946 5.01622
2.11226 5.0837
2.13445 5.15375
2.1486 5.04145
2.17045 5.11555
2.19167 5.19204
2.20694 5.08409
2.22773 5.16448
2.24383 5.05947
2.26412 5.14371
2.28104 5.04179
2.30076 5.1298
2.31845 5.03114
2.33756 5.12281
2.35597 5.02756
2.37509 4.93408
2.39495 4.84247
2.41556 4.75285
2.43695 4.66532
2.45915 4.58
2.48218 4.49703
2.50606 4.41653
2.53082 4.33865
2.55646 4.26352
2.56567 4.07874
2.58301 4.19129
2.5936 4.00762
2.6052 3.82445
2.62251 3.93975
2.63573 3.758
2.66733 3.69519
2.69998 3.63618
2.71837 3.45908
2.73368 3.58118
2.7541 3.40645
2.7909 3.3583
2.82871 3.31482
2.86748 3.27621
2.87809 3.40487
2.9163 3.37257
2.95519 3.34529
2.99466 3.32315
3.0346 3.30624
3.07489 3.29467
3.11539 3.28847
3.15597 3.28768
3.19651 3.2923
3.23317 3.43518
3.23687 3.30232
3.26687 3.58231
3.2717 3.44995
3.30364 3.60142
3.33998 3.62535
3.37579 3.65399
3.411 3.68724
3.44554 3.72499
3.47935 3.76708
3.49149 3.64144
3.52548 3.68932
3.53949 3.56593
3.57349 3.61973
3.58945 3.49898
3.62326 3.55881
3.64123 3.4411
3.67463 3.50699
3.69462 3.39274
3.7274 3.46469
3.7494 3.35431
3.78132 3.43226
3.80528 3.32616
3.83079 3.22209
3.86193 3.30855
3.88936 3.20947
3.919 3.30166
3.94818 3.20791
3.97909 3.11706
4.01183 3.02937
4.03929 3.13257
4.0735 3.05116
4.10953 2.97351
4.13407 3.08437
4.17116 3.0135
4.20998 2.94696
4.23095 3.06459
4.27032 3.00513
4.31121 2.95051
4.32816 3.0738
4.36906 3.02631
4.38331 3.15229
4.4239 3.11173
4.4655 3.07642
4.47567 3.20599
4.51651 3.17734
4.55803 3.15409
4.56427 3.28602
4.60465 3.26899
4.6454 3.25734
4.64803 3.3905
4.68739 3.38454
4.72628 3.51727
4.72682 3.38384
4.76228 3.65493
4.76417 3.52165
4.79867 3.66401
4.83055 3.8104
4.83483 3.67792
4.86517 3.82843
4.89319 3.98219
4.89943 3.851
4.92595 4.00834
4.95045 4.16829
4.95825 4.03873
4.98132 4.20176
5.00267 4.36687
5.01168 4.23918
5.02244 4.53382
5.03168 4.40692
5.05022 4.5763
5.07746 4.62224
5.08805 4.49784
5.11535 4.5485
5.13026 4.72411
5.14202 4.60247
5.14409 4.9007
5.15578 4.77982
5.16854 4.95802
5.19242 5.01824
5.21572 5.08124
5.22868 4.96476
5.25175 5.03198
5.27419 5.1018
5.29602 5.17413
5.31054 5.0633
5.332 5.13964
5.34741 5.03159
5.36842 5.11188
5.38468 5.0068
5.40519 5.09098
5.42503 5.17723
5.44221 5.077
5.46146 5.16694
5.47939 5.07003
5.498 5.16353
5.51661 5.07007
5.53592 4.97843
5.55379 5.07713
5.57373 4.98919
5.59438 4.9033
5.61576 4.81959
5.63788 4.73815
5.66077 4.6591
5.66761 4.47299
5.68443 4.58259
5.69239 4.39728
5.71803 4.32437
5.74452 4.2544
5.77188 4.18751
5.8001 4.12385
5.82919 4.06358
5.84499 3.88561
5.85912 4.00685
5.87654 3.8309
5.89563 3.65621
5.90897 3.7801
5.91662 3.483
5.92988 3.6079
5.95287 3.43743
5.99005 3.39649
6.02808 3.36036
6.06687 3.32919
6.10634 3.30312
6.1406 3.15013
6.14638 3.28228
6.18276 3.13395
6.22528 3.1234
6.26734 2.98509
6.26802 3.11852
