42.618 41.0107 0
-1
3.37698 5.97755

0.0279717 8.47851
0.062903 8.82658
0.0652465 8.50636
0.0986794 8.86256
0.134203 8.9075
0.16939 8.9614
0.197248 9.33888
0.20416 9.02412
0.230442 9.40841
0.263127 9.48634
0.27215 9.17564
0.305241 9.26408
0.337657 9.36074
0.349287 9.05565
0.381867 9.16301
0.395216 8.86165
0.427812 8.97987
0.459467 9.10582
0.490161 9.23921
0.506781 8.94847
0.537117 9.09235
0.555411 8.80662
0.585218 8.96095
0.613891 9.12198
0.634274 8.84522
0.662181 9.01633
0.684074 8.74539
0.711055 8.92649
0.734383 8.66172
0.758983 8.39938
0.784952 8.59438
0.810899 8.33881
0.835524 8.54371
0.862678 8.29533
0.88584 8.51008
0.914045 8.26941
0.935651 8.49387
0.964738 8.26158
0.984723 8.49565
1.01452 8.27239
1.04546 8.05379
1.06317 8.30245
1.09456 8.09435
1.12699 7.8922
1.16046 7.69661
1.17475 7.96559
1.20826 7.78308
1.24264 7.60895
1.27785 7.44407
1.31382 7.28952
1.35048 7.1464
1.38775 7.01587
1.42555 6.89913
1.43091 7.20868
1.46774 7.1111
1.50485 7.02905
1.54104 6.64335
1.54215 6.96345
1.57986 6.59309
1.58023 6.27105
1.6206 6.23861
1.6608 6.22671
1.70071 6.23571
1.74021 6.26565
1.7472 5.94647
1.7877 6.00092
1.82748 6.07666
1.86645 6.17292
1.90452 6.28859
1.91806 5.99295
1.95637 6.13452
1.99352 6.29335
2.01059 6.01817
2.04756 6.20168
2.06701 5.9413
2.10353 6.14847
2.1254 5.90472
2.16116 6.13382
2.1953 6.37311
2.22014 6.15681
2.25311 6.4136
2.28441 6.6771
2.31163 6.4872
2.34146 6.76379
2.36966 7.04445
2.39861 6.87839
2.42514 7.16842
2.45014 7.46072
2.48019 7.31542
2.50342 7.61429
2.5345 7.48291
2.56697 7.36101
2.58776 7.66856
2.62095 7.55946
2.65546 7.45967
2.6734 7.77323
2.70827 7.68509
2.72411 8.0008
2.75911 7.92359
2.77291 8.24096
2.80784 8.1741
2.81969 8.49279
2.85438 8.43583
2.86438 8.75559
2.89867 8.70813
2.90696 9.02873
2.94072 8.99046
2.97495 8.96055
2.98055 9.28231
3.01405 9.26121
3.04784 9.24846
3.08184 9.24413
3.11598 9.24836
3.11683 9.57032
3.14989 9.58269
3.18295 9.60348
3.21591 9.63274
3.24871 9.67045
3.28128 9.71657
3.28599 9.39896
3.31932 9.45496
3.35225 9.51942
3.37698 9.90482
3.38472 9.59229
3.41668 9.67336
3.42592 9.3635
3.45823 9.45495
3.46905 9.14821
3.5016 9.25029
3.53337 9.36034
3.54674 9.05994
3.57849 9.18066
3.60932 9.30889
3.62514 9.01589
3.6557 9.15464
3.67319 8.86642
3.7033 9.01568
3.72247 8.73262
3.75196 8.89226
3.78028 9.05848
3.80146 8.78468
3.82893 8.96094
3.8516 8.69313
3.87552 8.42765
3.90211 8.61782
3.92744 8.35891
3.95413 8.10265
3.97936 8.30711
4.00732 8.0581
4.03666 7.81229
4.06746 7.5698
4.09045 7.79394
4.12223 7.5603
4.15543 7.3309
4.17585 7.57094
4.2097 7.35203
4.22804 7.60253
4.26232 7.39521
4.29777 7.19456
4.31307 7.46121
4.34859 7.27425
4.38508 7.09604
4.42251 6.9276
4.46079 6.77017
4.47036 7.06447
4.50802 6.92517
4.54627 6.79926
4.58502 6.68804
4.62416 6.59272
4.66357 6.51448
4.70276 6.13322
4.70314 6.45439
4.74398 6.09057
4.74534 5.76767
4.78821 5.74542
4.83081 5.74582
4.87298 5.7691
4.90646 6.13207
4.91458 5.81511
4.94583 6.19574
4.98448 6.27981
5.02232 6.38338
5.03476 6.08304
5.07294 6.21218
5.11005 6.35907
5.14604 6.52223
5.18087 6.7002
5.19881 6.43594
5.23328 6.63593
5.26643 6.84772
5.28721 6.6073
5.31965 6.83806
5.35069 7.07751
5.38036 7.32451
5.40392 7.11644
5.43252 7.3773
5.45975 7.64331
5.48567 7.91372
5.51035 8.18793
5.53563 8.01425
5.55903 8.29707
5.5854 8.13694
5.60743 8.42694
5.6283 8.71875
5.65531 8.57576
5.68342 8.441
5.70248 8.74186
5.73123 8.61883
5.74874 8.92366
5.77797 8.81179
5.80818 8.70803
5.82349 9.01862
5.85394 8.9253
5.88526 8.84005
5.91743 8.76295
5.95041 8.69407
5.98416 8.63354
6.01863 8.5814
6.04517 8.21656
6.05375 8.53772
6.08214 8.18087
6.11967 8.15405
6.15767 8.13626
6.16231 8.45873
6.19928 8.45006
6.23647 8.45041
6.2738 8.45988
