34.8041 15.3716 0
-1
2.81568 5.22758

0.0291073 9.18326
0.0636533 9.17246
0.0980478 9.17015
0.132211 9.17626
0.166067 9.19077
0.199543 9.21363
0.232573 9.2448
0.240601 8.91871
0.274139 8.95883
0.307057 9.00742
0.339301 9.06443
0.350928 8.74094
0.383331 8.80785
0.39666 8.48569
0.410895 8.16342
0.444171 8.24274
0.460292 7.92238
0.49334 8.01345
0.511389 7.69568
0.544005 7.79945
0.563996 7.48527
0.595965 7.6028
0.617878 7.29344
0.648981 7.42589
0.672758 7.12292
0.698044 6.82205
0.724952 6.52381
0.728328 6.97665
0.753599 6.22879
0.755429 6.68521
0.784109 5.93781
0.816606 5.65188
0.847076 5.83864
0.881418 5.56938
0.909559 5.77821
0.945432 5.52911
0.983264 5.2917
1.00815 5.53364
1.04704 5.32211
1.06914 5.5841
1.0896 5.85309
1.10856 6.12819
1.14591 5.96488
1.18456 5.81972
1.19993 6.11763
1.23852 6.00011
1.27815 5.90302
1.28978 6.21758
1.30773 5.50863
1.31876 5.82739
1.35089 5.45064
1.3949 5.41687
1.43961 5.40762
1.48485 5.42275
1.48859 5.75151
1.53044 5.46166
1.57621 5.52339
1.62195 5.60655
1.66748 5.70956
1.67208 5.39404
1.71931 5.52123
1.72668 5.21345
1.77545 5.36471
1.82325 5.53091
1.86991 5.70986
1.91526 5.89958
1.95918 6.09844
2.00158 6.30504
2.02153 6.046
2.06363 6.26583
2.08156 6.73718
2.10391 6.49104
2.1191 6.96125
2.15498 7.18986
2.17901 6.95512
2.20481 6.72598
2.24023 6.96935
2.27377 7.21613
2.30234 7.00326
2.33427 7.25818
2.36436 7.5161
2.39493 7.31906
2.42315 7.5844
2.44967 7.85249
2.48149 7.67111
2.49802 8.39641
2.50602 7.94607
2.52902 8.22348
2.55061 8.50317
2.58244 8.34135
2.60213 8.62717
2.6206 8.91494
2.65235 8.76806
2.66901 9.06127
2.68465 9.35613
2.69936 9.6525
2.7299 9.52337
2.74302 9.82429
2.77361 9.70578
2.80493 9.59501
2.81568 9.90276
2.84682 9.80252
2.87855 9.71024
2.91084 9.62608
2.94363 9.55017
2.97685 9.48263
3.01044 9.42352
3.04434 9.37294
3.04755 9.6954
3.08055 9.65456
3.11368 9.62205
3.14687 9.59789
3.14705 9.27244
3.18137 9.25598
3.2156 9.24798
3.24966 9.24842
3.28346 9.25722
3.31695 9.27436
3.32305 8.94763
3.35722 8.97339
3.3909 9.0076
3.424 9.05025
3.45648 9.10128
3.46731 8.77699
3.47887 8.45251
3.51255 8.51449
3.52593 8.19112
3.55966 8.26371
3.59241 8.3455
3.60855 8.02586
3.62578 7.70626
3.65906 7.80248
3.69112 7.90865
3.71101 7.5955
3.74243 7.71532
3.76417 7.40712
3.79473 7.54173
3.81828 7.24003
3.84777 7.39045
3.87303 7.09705
3.90126 7.26416
3.92811 6.98115
3.95648 6.70287
3.98319 6.89525
4.01297 6.63122
4.04433 6.37461
4.07732 6.1268
4.10143 6.35649
4.13549 6.12925
4.17114 5.91452
4.19227 6.17276
4.22858 5.98263
4.26633 5.8087
4.3055 5.65277
4.34603 5.51662
4.38786 5.40195
4.43091 5.31026
4.47505 5.2428
4.48539 5.5647
4.52863 5.52635
4.57258 5.51204
4.61261 5.19266
4.61708 5.52164
4.65959 5.22662
4.7068 5.28469
4.75404 5.36554
4.80109 5.46738
4.84171 5.89969
4.84775 5.58836
4.8858 6.03137
4.89382 5.72637
4.93914 5.87949
4.98352 6.04569
5.02683 6.22324
5.05412 6.68826
5.06896 6.4106
5.0936 6.8775
5.13186 7.07431
5.16887 7.27786
5.18739 7.01901
5.22405 7.23422
5.24497 6.98582
5.28099 7.21163
5.31543 7.44183
5.32534 7.90869
5.3483 7.67609
5.37966 7.91414
5.40953 8.15578
5.43799 8.40087
5.46508 8.64923
5.49049 8.44026
5.51629 8.69607
5.54078 8.95477
5.56741 8.7599
5.59049 9.02549
5.61817 8.84069
5.63974 9.11283
5.66015 9.38738
5.68831 9.2167
5.7072 9.49727
5.73599 9.33687
5.76583 9.18332
5.78259 9.47314
5.81281 9.33025
5.84399 9.19467
5.8584 9.49295
5.88971 9.36824
5.92185 9.25133
5.9548 9.14248
5.9885 9.04185
6.0229 8.94969
6.03184 9.26332
6.06577 9.18211
6.10021 9.10944
6.10642 9.42787
6.14016 9.36569
6.17423 9.31203
6.20856 9.26696
6.24307 9.23047
6.27767 9.20259
