14.4995 40.0858 0
-1
1.04684 4.42849

0.0085468 6.49819
0.0471445 6.57789
0.0856023 6.6689
0.123808 6.77032
0.161654 6.88129
0.199039 7.00095
0.206815 6.72433
0.244979 6.85625
0.282428 6.99543
0.319081 7.14132
0.354868 7.29336
0.368439 7.03599
0.404355 7.19798
0.4392 7.36524
0.455884 7.11911
0.490499 7.29554
0.523881 7.47663
0.537035 7.89603
0.556023 7.66221
0.567376 8.08193
0.596589 8.27207
0.624686 8.46626
0.65169 8.66439
0.677626 8.86635
0.698605 8.65186
0.723682 8.86124
0.745906 8.65437
0.770002 8.87101
0.793022 9.09097
0.815015 9.31409
0.836027 9.54026
0.859229 9.35246
0.883398 9.16922
0.903156 9.40547
0.928082 9.23067
0.946631 9.47305
0.972199 9.30685
0.9895 9.55506
1.00594 9.80544
1.03162 9.65129
1.04684 9.90692
1.05812 9.50261
1.08544 9.35962
1.09967 9.62157
1.11357 9.2225
1.12721 9.48752
1.14249 9.09145
1.1722 8.96664
1.20268 8.84825
1.23388 8.73643
1.26579 8.63131
1.28885 8.25229
1.29835 8.533
1.32307 8.15845
1.35788 8.07178
1.37948 7.41862
1.38661 7.70517
1.39323 7.99234
1.41796 7.34203
1.45225 6.98248
1.45691 7.27306
1.49313 6.9191
1.53428 6.86365
1.57555 6.81616
1.57575 6.51963
1.61878 6.47846
1.66163 6.44575
1.70415 6.42173
1.71007 6.11988
1.75391 6.1036
1.76233 5.79973
1.80732 5.79211
1.81855 5.4862
1.86446 5.48861
1.90913 5.50277
1.92532 5.19518
1.97029 5.22268
1.98979 4.91495
2.03464 4.9585
2.0576 4.65241
2.10187 4.71514
2.14395 4.79431
2.17153 4.49873
2.20153 4.20511
2.24305 4.31628
2.27639 4.03557
2.31575 4.175
2.35245 4.33126
2.38888 4.0815
2.42293 4.26571
2.46166 4.0408
2.49275 4.25179
2.52149 4.47406
2.54809 4.706
2.587 4.53484
2.61076 4.78625
2.65055 4.64406
2.69212 4.52147
2.71175 4.79821
2.7536 4.70522
2.7703 4.99273
2.81207 4.92746
2.85506 4.88319
2.86737 5.18238
2.90974 5.16237
2.91944 5.46438
2.96096 5.46551
3.00313 5.48487
3.0088 5.78773
3.04974 5.82353
3.09099 5.87499
3.09301 6.17457
3.13278 6.23816
3.13312 6.5351
3.1714 6.60883
3.20709 6.98518
3.20959 6.69417
3.24371 7.07782
3.28006 7.18009
3.30995 7.57227
3.31604 7.29121
3.3443 7.68785
3.37818 7.81092
3.41151 7.9409
3.44424 8.07739
3.47631 8.21989
3.50768 8.3681
3.53832 8.52169
3.55139 8.26694
3.582 8.4293
3.61174 8.59645
3.64061 8.76822
3.65656 8.52693
3.68509 8.70676
3.71267 8.89084
3.7393 9.079
3.75759 8.85155
3.78362 9.04728
3.80868 9.24679
3.83278 9.44995
3.85281 9.23672
3.87612 9.447
3.89723 9.2411
3.91966 9.45832
3.94177 9.26002
3.96322 9.48402
3.98625 9.2936
4.00665 9.52417
4.0305 9.34189
4.04977 9.57877
4.07434 9.40482
4.09245 9.64774
4.11762 9.48229
4.13452 9.73094
4.1602 9.57411
4.18671 9.42271
4.21406 9.27696
4.24226 9.13707
4.27128 9.00324
4.30113 8.87563
4.33177 8.75446
4.35122 8.36561
4.36318 8.63985
4.3843 8.25493
4.41814 8.15122
4.45269 8.05461
4.48788 7.96519
4.52365 7.88306
4.55991 7.80828
4.59658 7.74089
4.63052 7.38829
4.63357 7.68096
4.66916 7.33406
4.70792 7.28758
4.7467 7.24892
4.74808 6.9512
4.78831 6.91902
4.82829 6.89517
4.8679 6.87986
4.87433 6.57795
4.915 6.57054
4.955 6.57255
4.99422 6.58429
5.03257 6.60609
5.04563 6.30247
5.08429 6.33558
5.12181 6.3799
5.15816 6.43561
5.17587 6.13654
5.21193 6.2069
5.23194 5.9113
5.26745 5.99813
5.28978 5.7079
5.31375 5.41921
5.34906 5.53052
5.37542 5.25096
5.40369 4.97507
5.43804 5.11626
5.46864 4.85474
5.50136 4.60028
5.53636 4.35455
5.56867 4.54225
5.60573 4.32014
5.63533 4.53275
5.64514 4.11195
5.68699 3.9202
5.71503 4.15917
5.75824 4
5.78283 4.2597
5.80539 4.52542
5.82614 4.7961
5.86744 4.68965
5.88526 4.97253
5.92664 4.89431
5.94167 5.18597
5.98281 5.13383
6.02502 5.10185
6.03584 5.40261
6.07732 5.39297
6.11954 5.40208
6.12627 5.70518
6.16736 5.73201
6.20885 5.77519
6.21182 6.07594
6.2519 6.13238
6.2531 6.4307
